Coverage: 0.3781103125592767
F1: 0.7974712124633101 (micro), 0.8290190428981401 (macro), 0.8294457370906881 (weighted)