Coverage: 0.9348757327306697
F1: 0.9731818181818181 (micro), 0.973644863351548 (macro), 0.9736540420661004 (weighted)