Coverage: 0.2690496764811263
F1: 0.9083314517949875 (micro), 0.9080101710397397 (macro), 0.9092261425688558 (weighted)