Coverage: 0.25898370813750077
F1: 0.9026868367577331 (micro), 0.9020285286717526 (macro), 0.9029857261154357 (weighted)