Coverage: 0.983999024095844
F1: 0.9736363636363636 (micro), 0.9741746508544383 (macro), 0.9741756270122724 (weighted)