Coverage: 0.30510675069024384
F1: 0.8884624068638519 (micro), 0.895101091438 (macro), 0.896180576238335 (weighted)