Coverage: 0.37355786456467216
F1: 0.8069541657258975 (micro), 0.8358171144817081 (macro), 0.8361301345843793 (weighted)