Coverage: 0.9808517331929401
F1: 0.9543181818181818 (micro), 0.9550287499586417 (macro), 0.9549561290502846 (weighted)