Coverage: 0.39786287858031066
F1: 0.782343644163468 (micro), 0.8147853916477323 (macro), 0.8154786105005224 (weighted)