Coverage: 0.3074462031319156
F1: 0.8825920072251072 (micro), 0.8894866594114884 (macro), 0.8900735941938133 (weighted)