Coverage: 0.9167085064172119
F1: 0.9729545454545454 (micro), 0.9735064626848711 (macro), 0.9735222285518692 (weighted)