Coverage: 0.9928643429019024
F1: 0.9543181818181818 (micro), 0.9550485768630911 (macro), 0.9549650208389688 (weighted)