Coverage: 0.2612051341496828
F1: 0.9033641905622036 (micro), 0.9026332717036073 (macro), 0.9035184423839036 (weighted)