Coverage: 0.9638896201036257
F1: 0.9754545454545455 (micro), 0.9760476294141521 (macro), 0.9760337868684484 (weighted)