Coverage: 0.31808544270449135
F1: 0.878527884398284 (micro), 0.8883496903786502 (macro), 0.8889978152927697 (weighted)