Coverage: 0.9598473223629721
F1: 0.9736363636363636 (micro), 0.9741492549485639 (macro), 0.9741374676916235 (weighted)