Coverage: 0.9992860490648655
F1: 0.9538636363636362 (micro), 0.9545871978993322 (macro), 0.9545028869296119 (weighted)