Coverage: 0.9408871739228137
F1: 0.975 (micro), 0.9755539698252874 (macro), 0.9755651628481808 (weighted)