Coverage: 0.9408871739228137
F1: 0.9761363636363637 (micro), 0.9770438540000878 (macro), 0.9770773391810669 (weighted)