Coverage: 0.9808517331929401
F1: 0.9552272727272727 (micro), 0.9578334706797794 (macro), 0.9574109803676452 (weighted)