Coverage: 0.9598473223629721
F1: 0.9740909090909091 (micro), 0.9750382452469514 (macro), 0.9750548167268128 (weighted)