Coverage: 0.9167085064172119
F1: 0.9747727272727272 (micro), 0.9756624611364013 (macro), 0.9756788192185656 (weighted)