Coverage: 0.9638896201036257
F1: 0.9765909090909091 (micro), 0.9775019782854512 (macro), 0.9775151935166857 (weighted)