Coverage: 0.9992860490648655
F1: 0.9315909090909091 (micro), 0.9318276330483894 (macro), 0.9299598976039312 (weighted)