Coverage: 0.9348757327306697
F1: 0.9731818181818181 (micro), 0.9740883323774647 (macro), 0.9740735332957752 (weighted)