Coverage: 0.983999024095844
F1: 0.9734090909090909 (micro), 0.9744595151084838 (macro), 0.9744801221066355 (weighted)