Coverage: 0.9928643429019024
F1: 0.946590909090909 (micro), 0.9489551724489543 (macro), 0.9480278211312705 (weighted)