Coverage: 0.25898370813750077
F1: 0.8841724994355386 (micro), 0.8747326469598226 (macro), 0.8788142566332554 (weighted)