Coverage: 0.37355786456467216
F1: 0.907654097990517 (micro), 0.899240275246134 (macro), 0.9023730468439491 (weighted)