Coverage: 0.3074462031319156
F1: 0.8979453601264393 (micro), 0.8885032690762956 (macro), 0.8921164245249096 (weighted)