Coverage: 0.39786287858031066
F1: 0.9108150824113795 (micro), 0.9025357038062897 (macro), 0.9056170176848642 (weighted)