Coverage: 0.2690496764811263
F1: 0.8913976066832242 (micro), 0.8807688355739246 (macro), 0.8846644821549977 (weighted)