Coverage: 0.30510675069024384
F1: 0.8979453601264393 (micro), 0.888605388092342 (macro), 0.8922238478197123 (weighted)