Coverage: 0.3781103125592767
F1: 0.9078798825920072 (micro), 0.899350994499429 (macro), 0.9024802103070488 (weighted)