Coverage: 0.31808544270449135
F1: 0.9011063445473019 (micro), 0.8925725724817273 (macro), 0.8960318054107634 (weighted)