Coverage: 0.2612051341496828
F1: 0.8850756378414992 (micro), 0.8755211275703256 (macro), 0.8795769516218823 (weighted)