Coverage: 0.983999024095844
F1: 0.980909090909091 (micro), 0.9814831799566608 (macro), 0.981428778593758 (weighted)