Coverage: 0.9598473223629721
F1: 0.980909090909091 (micro), 0.9814466564858293 (macro), 0.9814046750135497 (weighted)