Coverage: 0.9638896201036257
F1: 0.9820454545454546 (micro), 0.9825086968200558 (macro), 0.9825170561304718 (weighted)