Coverage: 0.9808517331929401
F1: 0.9729545454545454 (micro), 0.9735933067214194 (macro), 0.9734367648906463 (weighted)