Coverage: 0.9167085064172119
F1: 0.9811363636363636 (micro), 0.9816881110016215 (macro), 0.9815860322193068 (weighted)