Coverage: 0.9408871739228137
F1: 0.9822727272727273 (micro), 0.9827748565865394 (macro), 0.9827748351928001 (weighted)