Coverage: 0.9928643429019024
F1: 0.9718181818181818 (micro), 0.9725590393047324 (macro), 0.9723422927820631 (weighted)