Coverage: 0.9348757327306697
F1: 0.98 (micro), 0.9804931593839828 (macro), 0.98046383684808 (weighted)