Coverage: 0.9992860490648655
F1: 0.9731818181818181 (micro), 0.9739303258588886 (macro), 0.9737350206017029 (weighted)