Coverage: 0.31808544270449135
F1: 0.9338451117633776 (micro), 0.9311775322965108 (macro), 0.9317924638873291 (weighted)