Coverage: 0.30510675069024384
F1: 0.9327161887559269 (micro), 0.9292058049612323 (macro), 0.929854072327087 (weighted)