Coverage: 0.25898370813750077
F1: 0.9216527432829081 (micro), 0.9183432980233422 (macro), 0.9191485463838585 (weighted)