Coverage: 0.3781103125592767
F1: 0.9442312034319259 (micro), 0.9421065798133718 (macro), 0.9429581281791444 (weighted)