Coverage: 0.37355786456467216
F1: 0.9442312034319259 (micro), 0.9419307066541819 (macro), 0.9427885459031009 (weighted)