Coverage: 0.3074462031319156
F1: 0.9331677579589072 (micro), 0.929557087076004 (macro), 0.930226514746669 (weighted)