Coverage: 0.2690496764811263
F1: 0.9257168661097314 (micro), 0.921812771622536 (macro), 0.9225197498377209 (weighted)