Coverage: 0.2612051341496828
F1: 0.9232332354933394 (micro), 0.9200629768947415 (macro), 0.9208986253560006 (weighted)