Coverage: 0.39786287858031066
F1: 0.9444569880334162 (micro), 0.94238873777509 (macro), 0.9432096908567055 (weighted)