Coverage: 0.9638896201036257
F1: 0.9806818181818182 (micro), 0.9811227163774562 (macro), 0.9810760040319582 (weighted)