Coverage: 0.3074462031319156
F1: 0.9320388349514563 (micro), 0.9286906089718087 (macro), 0.9293855109328163 (weighted)