Coverage: 0.2690496764811263
F1: 0.9245879431022804 (micro), 0.9204447854159311 (macro), 0.9212643079931836 (weighted)