Coverage: 0.9408871739228137
F1: 0.9804545454545455 (micro), 0.9808945555119483 (macro), 0.9808598826916682 (weighted)