Coverage: 0.3781103125592767
F1: 0.9433280650259652 (micro), 0.940496734669458 (macro), 0.9413882029097412 (weighted)