Coverage: 0.9348757327306697
F1: 0.9788636363636364 (micro), 0.9793207571300916 (macro), 0.97927868906929 (weighted)