Coverage: 0.39786287858031066
F1: 0.9437796342289456 (micro), 0.9405342173446062 (macro), 0.9414649414921215 (weighted)