Coverage: 0.2612051341496828
F1: 0.9200722510724769 (micro), 0.9169888653346372 (macro), 0.9179490904522181 (weighted)