Coverage: 0.31808544270449135
F1: 0.9322646195529465 (micro), 0.9288132773517688 (macro), 0.9294880417142347 (weighted)