Coverage: 0.983999024095844
F1: 0.9786363636363636 (micro), 0.9790919169199132 (macro), 0.9790537787818481 (weighted)