Coverage: 0.9928643429019024
F1: 0.9620454545454545 (micro), 0.9629120763667253 (macro), 0.9627860254209373 (weighted)