Coverage: 0.37355786456467216
F1: 0.9428764958229848 (micro), 0.9400791174654156 (macro), 0.9409539517133874 (weighted)