Coverage: 0.25898370813750077
F1: 0.9200722510724769 (micro), 0.9170178074245264 (macro), 0.9179986140826749 (weighted)