Coverage: 0.30510675069024384
F1: 0.9320388349514563 (micro), 0.9286524631559043 (macro), 0.9293345638206019 (weighted)