Coverage: 0.9808517331929401
F1: 0.961590909090909 (micro), 0.9624048991678745 (macro), 0.9623096780927771 (weighted)