Coverage: 0.9167085064172119
F1: 0.9793181818181819 (micro), 0.9797625564342304 (macro), 0.9797482600629004 (weighted)