Coverage: 0.9598473223629721
F1: 0.9788636363636364 (micro), 0.9793322156075471 (macro), 0.9792850867181815 (weighted)